9782711857319
9782754106207
1588390721
9782842782177
9782855394237
2855394236
088029177x
9785938930506
9781891771255
9780910407397
9780939117673
9780911886535
299970701
810929384
9789748225302
9780761816713
9780140443486
9780140443066
9780192835765
942614186
9780195659122
8190014900
773478531
2720010316
9780862671501
9782070532551
376302011x
8121507235
9783869221878
9780520224667
932216285
7800070433
7226qq4976
7226004976
3201016780
9780553370904
877733546
9782711823642
2855397359
9781851774296
7560710077
9787228032488
9782220026299
9780714121802
9780813380650
9780810981034
067040697x
9781904832164
9780907849520
9780521533386
9789748225302
9748434575
500690014
9780811800402
3761106262
9782842782177
520050614
9780252071218
810906813
9781570621864
9780500275160
9782080113603
029596815x
934686505
674795903
9781588861146
9780860787662
860788849
